-1.14266927e-06 -1.02120443e-06
 -1.13817057e-06 -1.02120443e-06
 -1.13367187e-06 -1.02120443e-06
 -1.12917318e-06 -1.02570312e-06
 -1.12467448e-06 -1.01670573e-06
 -1.12017578e-06 -1.01670573e-06
 -1.11567708e-06 -1.01670573e-06
 -1.11117839e-06 -1.01670573e-06
 -1.10667969e-06 -1.01670573e-06
 -1.10218099e-06 -1.01220703e-06
 -1.09768229e-06 -1.01670573e-06
 -1.09318359e-06 -1.01670573e-06
 -1.08868490e-06 -1.01220703e-06
 -1.08418620e-06 -1.01670573e-06
 -1.07968750e-06 -1.01670573e-06
 -1.07518880e-06 -1.01220703e-06
 -1.07069010e-06 -1.00770833e-06
 -1.06619141e-06 -1.00770833e-06
 -1.06169271e-06 -1.00770833e-06
 -1.05719401e-06 -1.00320964e-06
 -1.05269531e-06 -1.01220703e-06
 -1.04819661e-06 -1.00770833e-06
 -1.04369792e-06 -1.00320964e-06
 -1.03919922e-06 -1.00320964e-06
 -1.03470052e-06 -9.98710937e-07
 -1.03020182e-06 -9.98710937e-07
 -1.02570312e-06 -9.98710937e-07
 -1.02120443e-06 -1.00320964e-06
 -1.01670573e-06 -9.89713542e-07
 -1.01220703e-06 -9.89713542e-07
 -1.00770833e-06 -9.89713542e-07
 -1.00320964e-06 -9.89713542e-07
 -9.98710937e-07 -9.94212240e-07
 -9.94212240e-07 -9.94212240e-07
 -9.89713542e-07 -9.94212240e-07
 -9.85214844e-07 -9.89713542e-07
 -9.80716146e-07 -9.89713542e-07
 -9.76217448e-07 -9.85214844e-07
 -9.71718750e-07 -9.85214844e-07
 -9.67220052e-07 -9.85214844e-07
 -9.62721354e-07 -9.89713542e-07
 -9.58222656e-07 -9.89713542e-07
 -9.53723958e-07 -9.80716146e-07
 -9.49225260e-07 -9.80716146e-07
 -9.44726563e-07 -9.85214844e-07
 -9.40227865e-07 -9.85214844e-07
 -9.35729167e-07 -9.85214844e-07
 -9.31230469e-07 -9.67220052e-07
 -9.26731771e-07 -9.67220052e-07
 -9.22233073e-07 -9.80716146e-07
 -9.17734375e-07 -9.67220052e-07
 -9.13235677e-07 -9.67220052e-07
 -9.08736979e-07 -9.62721354e-07
 -9.04238281e-07 -9.58222656e-07
 -8.99739583e-07 -9.40227865e-07
 -8.95240885e-07 -9.53723958e-07
 -8.90742188e-07 -9.49225260e-07
 -8.86243490e-07 -9.26731771e-07
 -8.81744792e-07 -8.99739583e-07
 -8.77246094e-07 -8.95240885e-07
 -8.72747396e-07 -8.36757812e-07
 -8.68248698e-07 -8.90742188e-07
 -8.63750000e-07 -8.18763021e-07
 -8.59251302e-07 -7.73776042e-07
 -8.54752604e-07 -7.69277344e-07
 -8.50253906e-07 -7.55781250e-07
 -8.45755208e-07 -7.51282552e-07
 -8.41256510e-07 -7.46783854e-07
 -8.36757812e-07 -7.60279948e-07
 -8.32259115e-07 -7.60279948e-07
 -8.27760417e-07 -7.46783854e-07
 -8.23261719e-07 -7.42285156e-07
 -8.18763021e-07 -7.33287760e-07
 -8.14264323e-07 -7.28789062e-07
 -8.09765625e-07 -7.28789062e-07
 -8.05266927e-07 -7.24290365e-07
 -8.00768229e-07 -7.19791667e-07
 -7.96269531e-07 -7.06295573e-07
 -7.91770833e-07 -6.92799479e-07
 -7.87272135e-07 -6.74804687e-07
 -7.82773437e-07 -6.74804687e-07
 -7.78274740e-07 -6.70305990e-07
 -7.73776042e-07 -6.34316406e-07
 -7.69277344e-07 -6.34316406e-07
 -7.64778646e-07 -6.25319010e-07
 -7.60279948e-07 -5.93828125e-07
 -7.55781250e-07 -5.93828125e-07
 -7.51282552e-07 -5.89329427e-07
 -7.46783854e-07 -5.44342448e-07
 -7.42285156e-07 -5.57838542e-07
 -7.37786458e-07 -5.39843750e-07
 -7.33287760e-07 -5.30846354e-07
 -7.28789062e-07 -4.99355469e-07
 -7.24290365e-07 -4.94856771e-07
 -7.19791667e-07 -4.85859375e-07
 -7.15292969e-07 -4.72363281e-07
 -7.10794271e-07 -4.67864583e-07
 -7.06295573e-07 -4.63365885e-07
 -7.01796875e-07 -4.49869792e-07
 -6.97298177e-07 -4.49869792e-07
 -6.92799479e-07 -4.27376302e-07
 -6.88300781e-07 -4.04882812e-07
 -6.83802083e-07 -4.18378906e-07
 -6.79303385e-07 -4.18378906e-07
 -6.74804687e-07 -3.86888021e-07
 -6.70305990e-07 -3.77890625e-07
 -6.65807292e-07 -3.64394531e-07
 -6.61308594e-07 -3.82389323e-07
 -6.56809896e-07 -3.50898437e-07
 -6.52311198e-07 -3.55397135e-07
 -6.47812500e-07 -3.50898437e-07
 -6.43313802e-07 -3.41901042e-07
 -6.38815104e-07 -3.41901042e-07
 -6.34316406e-07 -3.28404948e-07
 -6.29817708e-07 -3.50898437e-07
 -6.25319010e-07 -3.19407552e-07
 -6.20820312e-07 -2.92415365e-07
 -6.16321615e-07 -2.96914062e-07
 -6.11822917e-07 -2.92415365e-07
 -6.07324219e-07 -2.87916667e-07
 -6.02825521e-07 -2.83417969e-07
 -5.98326823e-07 -2.65423177e-07
 -5.93828125e-07 -2.65423177e-07
 -5.89329427e-07 -2.65423177e-07
 -5.84830729e-07 -2.65423177e-07
 -5.80332031e-07 -2.56425781e-07
 -5.75833333e-07 -2.51927083e-07
 -5.71334635e-07 -2.38430990e-07
 -5.66835937e-07 -2.33932292e-07
 -5.62337240e-07 -2.29433594e-07
 -5.57838542e-07 -2.29433594e-07
 -5.53339844e-07 -2.29433594e-07
 -5.48841146e-07 -2.02441406e-07
 -5.44342448e-07 -2.02441406e-07
 -5.39843750e-07 -2.06940104e-07
 -5.35345052e-07 -1.84446615e-07
 -5.30846354e-07 -1.88945312e-07
 -5.26347656e-07 -1.93444010e-07
 -5.21848958e-07 -1.93444010e-07
 -5.17350260e-07 -1.61953125e-07
 -5.12851562e-07 -1.84446615e-07
 -5.08352865e-07 -1.70950521e-07
 -5.03854167e-07 -1.66451823e-07
 -4.99355469e-07 -1.79947917e-07
 -4.94856771e-07 -1.61953125e-07
 -4.90358073e-07 -1.57454427e-07
 -4.85859375e-07 -1.57454427e-07
 -4.81360677e-07 -1.61953125e-07
 -4.76861979e-07 -1.30462240e-07
 -4.72363281e-07 -1.34960937e-07
 -4.67864583e-07 -1.34960937e-07
 -4.63365885e-07 -1.39459635e-07
 -4.58867188e-07 -1.34960937e-07
 -4.54368490e-07 -1.34960937e-07
 -4.49869792e-07 -1.30462240e-07
 -4.45371094e-07 -1.30462240e-07
 -4.40872396e-07 -1.25963542e-07
 -4.36373698e-07 -1.25963542e-07
 -4.31875000e-07 -1.25963542e-07
 -4.27376302e-07 -1.21464844e-07
 -4.22877604e-07 -1.07968750e-07
 -4.18378906e-07 -1.07968750e-07
 -4.13880208e-07 -1.07968750e-07
 -4.09381510e-07 -1.16966146e-07
 -4.04882812e-07 -1.12467448e-07
 -4.00384115e-07 -1.03470052e-07
 -3.95885417e-07 -1.03470052e-07
 -3.91386719e-07 -1.07968750e-07
 -3.86888021e-07 -9.44726562e-08
 -3.82389323e-07 -8.99739583e-08
 -3.77890625e-07 -8.99739583e-08
 -3.73391927e-07 -8.99739583e-08
 -3.68893229e-07 -9.44726562e-08
 -3.64394531e-07 -8.09765625e-08
 -3.59895833e-07 -8.54752604e-08
 -3.55397135e-07 -8.09765625e-08
 -3.50898437e-07 -8.54752604e-08
 -3.46399740e-07 -8.54752604e-08
 -3.41901042e-07 -8.54752604e-08
 -3.37402344e-07 -7.19791667e-08
 -3.32903646e-07 -1.03470052e-07
 -3.28404948e-07 -7.64778646e-08
 -3.23906250e-07 -7.64778646e-08
 -3.19407552e-07 -7.19791667e-08
 -3.14908854e-07 -6.74804687e-08
 -3.10410156e-07 -6.74804687e-08
 -3.05911458e-07 -6.74804687e-08
 -3.01412760e-07 -6.29817708e-08
 -2.96914062e-07 -7.64778646e-08
 -2.92415365e-07 -6.29817708e-08
 -2.87916667e-07 -6.29817708e-08
 -2.83417969e-07 -6.29817708e-08
 -2.78919271e-07 -7.19791667e-08
 -2.74420573e-07 -6.74804687e-08
 -2.69921875e-07 -6.29817708e-08
 -2.65423177e-07 -5.39843750e-08
 -2.60924479e-07 -6.29817708e-08
 -2.56425781e-07 -6.29817708e-08
 -2.51927083e-07 -6.29817708e-08
 -2.47428385e-07 -6.29817708e-08
 -2.42929687e-07 -6.29817708e-08
 -2.38430990e-07 -6.74804687e-08
 -2.33932292e-07 -4.94856771e-08
 -2.29433594e-07 -4.94856771e-08
 -2.24934896e-07 -5.39843750e-08
 -2.20436198e-07 -5.39843750e-08
 -2.15937500e-07 -5.39843750e-08
 -2.11438802e-07 -5.39843750e-08
 -2.06940104e-07 -4.49869792e-08
 -2.02441406e-07 -4.49869792e-08
 -1.97942708e-07 -5.39843750e-08
 -1.93444010e-07 -5.39843750e-08
 -1.88945312e-07 -5.39843750e-08
 -1.84446615e-07 -4.94856771e-08
 -1.79947917e-07 -4.94856771e-08
 -1.75449219e-07 -4.94856771e-08
 -1.70950521e-07 -4.49869792e-08
 -1.66451823e-07 -4.94856771e-08
 -1.61953125e-07 -4.94856771e-08
 -1.57454427e-07 -4.94856771e-08
 -1.52955729e-07 -4.49869792e-08
 -1.48457031e-07 -3.59895833e-08
 -1.43958333e-07 -5.39843750e-08
 -1.39459635e-07 -5.39843750e-08
 -1.34960937e-07 -5.39843750e-08
 -1.30462240e-07 -4.94856771e-08
 -1.25963542e-07 -4.94856771e-08
 -1.21464844e-07 -4.94856771e-08
 -1.16966146e-07 -4.04882812e-08
 -1.12467448e-07 -4.49869792e-08
 -1.07968750e-07 -4.94856771e-08
 -1.03470052e-07 -4.49869792e-08
 -9.89713542e-08 -4.49869792e-08
 -9.44726562e-08 -4.04882812e-08
 -8.99739583e-08 -2.69921875e-08
 -8.54752604e-08 -5.39843750e-08
 -8.09765625e-08 -4.49869792e-08
 -7.64778646e-08 -4.49869792e-08
 -7.19791667e-08 -4.49869792e-08
 -6.74804687e-08 -4.04882812e-08
 -6.29817708e-08 -1.79947917e-08
 -5.84830729e-08 -4.94856771e-08
 -5.39843750e-08 -5.39843750e-08
 -4.94856771e-08 -5.39843750e-08
 -4.49869792e-08 -5.39843750e-08
 -4.04882812e-08 -4.94856771e-08
 -3.59895833e-08 -3.59895833e-08
 -3.14908854e-08 -3.59895833e-08
 -2.69921875e-08 -4.94856771e-08
 -2.24934896e-08 -3.59895833e-08
 -1.79947917e-08 -5.84830729e-08
 -1.34960937e-08 -5.84830729e-08
 -8.99739583e-09 -4.49869792e-08
 -4.49869792e-09 -4.49869792e-08
  0.00000000e+00  0.00000000e+00
  4.49869792e-09 -3.59895833e-08
  8.99739583e-09 -4.04882812e-08
  1.34960937e-08 -3.59895833e-08
  1.79947917e-08 -3.59895833e-08
  2.24934896e-08 -3.14908854e-08
  2.69921875e-08 -5.39843750e-08
  3.14908854e-08 -2.24934896e-08
  3.59895833e-08 -2.24934896e-08
  4.04882812e-08 -3.59895833e-08
  4.49869792e-08 -3.59895833e-08
  4.94856771e-08 -4.94856771e-08
  5.39843750e-08 -2.24934896e-08
  5.84830729e-08 -3.59895833e-08
  6.29817708e-08 -3.59895833e-08
  6.74804687e-08 -1.79947917e-08
  7.19791667e-08 -2.24934896e-08
  7.64778646e-08 -2.24934896e-08
  8.09765625e-08 -3.59895833e-08
  8.54752604e-08 -3.59895833e-08
  8.99739583e-08 -5.39843750e-08
  9.44726562e-08 -4.94856771e-08
  9.89713542e-08 -4.94856771e-08
  1.03470052e-07 -1.79947917e-08
  1.07968750e-07 -2.24934896e-08
  1.12467448e-07 -2.24934896e-08
  1.16966146e-07 -2.24934896e-08
  1.21464844e-07 -2.69921875e-08
  1.25963542e-07 -2.69921875e-08
  1.30462240e-07 -4.94856771e-08
  1.34960937e-07 -4.94856771e-08
  1.39459635e-07 -6.29817708e-08
  1.43958333e-07 -4.04882812e-08
  1.48457031e-07 -4.49869792e-08
  1.52955729e-07 -4.49869792e-08
  1.57454427e-07 -2.69921875e-08
  1.61953125e-07 -4.49869792e-08
  1.66451823e-07 -4.49869792e-08
  1.70950521e-07 -3.59895833e-08
  1.75449219e-07 -5.39843750e-08
  1.79947917e-07 -4.04882812e-08
  1.84446615e-07 -4.04882812e-08
  1.88945312e-07 -4.04882812e-08
  1.93444010e-07 -4.04882812e-08
  1.97942708e-07 -6.74804687e-08
  2.02441406e-07 -4.04882812e-08
  2.06940104e-07 -4.49869792e-08
  2.11438802e-07 -7.19791667e-08
  2.15937500e-07 -4.49869792e-08
  2.20436198e-07 -4.94856771e-08
  2.24934896e-07 -4.94856771e-08
  2.29433594e-07 -4.94856771e-08
  2.33932292e-07 -4.94856771e-08
  2.38430990e-07 -6.29817708e-08
  2.42929687e-07 -5.84830729e-08
  2.47428385e-07 -5.84830729e-08
  2.51927083e-07 -5.84830729e-08
  2.56425781e-07 -5.84830729e-08
  2.60924479e-07 -6.29817708e-08
  2.65423177e-07 -6.74804687e-08
  2.69921875e-07 -6.74804687e-08
  2.74420573e-07 -6.74804687e-08
  2.78919271e-07 -7.19791667e-08
  2.83417969e-07 -7.19791667e-08
  2.87916667e-07 -6.74804687e-08
  2.92415365e-07 -6.74804687e-08
  2.96914062e-07 -7.64778646e-08
  3.01412760e-07 -7.64778646e-08
  3.05911458e-07 -8.09765625e-08
  3.10410156e-07 -8.09765625e-08
  3.14908854e-07 -8.54752604e-08
  3.19407552e-07 -8.54752604e-08
  3.23906250e-07 -8.54752604e-08
  3.28404948e-07 -8.54752604e-08
  3.32903646e-07 -8.54752604e-08
  3.37402344e-07 -8.54752604e-08
  3.41901042e-07 -1.07968750e-07
  3.46399740e-07 -1.07968750e-07
  3.50898437e-07 -9.89713542e-08
  3.55397135e-07 -9.89713542e-08
  3.59895833e-07 -9.89713542e-08
  3.64394531e-07 -1.07968750e-07
  3.68893229e-07 -1.12467448e-07
  3.73391927e-07 -1.12467448e-07
  3.77890625e-07 -1.12467448e-07
  3.82389323e-07 -1.16966146e-07
  3.86888021e-07 -1.21464844e-07
  3.91386719e-07 -1.16966146e-07
  3.95885417e-07 -1.21464844e-07
  4.00384115e-07 -1.21464844e-07
  4.04882812e-07 -1.21464844e-07
  4.09381510e-07 -1.30462240e-07
  4.13880208e-07 -1.21464844e-07
  4.18378906e-07 -1.43958333e-07
  4.22877604e-07 -1.30462240e-07
  4.27376302e-07 -1.34960937e-07
  4.31875000e-07 -1.30462240e-07
  4.36373698e-07 -1.39459635e-07
  4.40872396e-07 -1.52955729e-07
  4.45371094e-07 -1.34960937e-07
  4.49869792e-07 -1.52955729e-07
  4.54368490e-07 -1.52955729e-07
  4.58867188e-07 -1.52955729e-07
  4.63365885e-07 -1.57454427e-07
  4.67864583e-07 -1.61953125e-07
  4.72363281e-07 -1.61953125e-07
  4.76861979e-07 -1.57454427e-07
  4.81360677e-07 -1.66451823e-07
  4.85859375e-07 -1.66451823e-07
  4.90358073e-07 -1.66451823e-07
  4.94856771e-07 -1.75449219e-07
  4.99355469e-07 -1.75449219e-07
  5.03854167e-07 -1.84446615e-07
  5.08352865e-07 -1.84446615e-07
  5.12851562e-07 -1.84446615e-07
  5.17350260e-07 -1.88945312e-07
  5.21848958e-07 -1.88945312e-07
  5.26347656e-07 -1.97942708e-07
  5.30846354e-07 -1.97942708e-07
  5.35345052e-07 -1.97942708e-07
  5.39843750e-07 -2.02441406e-07
  5.44342448e-07 -2.06940104e-07
  5.48841146e-07 -2.02441406e-07
  5.53339844e-07 -2.06940104e-07
  5.57838542e-07 -2.11438802e-07
  5.62337240e-07 -2.24934896e-07
  5.66835937e-07 -2.20436198e-07
  5.71334635e-07 -2.20436198e-07
  5.75833333e-07 -2.29433594e-07
  5.80332031e-07 -2.29433594e-07
  5.84830729e-07 -2.38430990e-07
  5.89329427e-07 -2.38430990e-07
  5.93828125e-07 -2.38430990e-07
  5.98326823e-07 -2.51927083e-07
  6.02825521e-07 -2.56425781e-07
  6.07324219e-07 -2.51927083e-07
  6.11822917e-07 -2.56425781e-07
  6.16321615e-07 -2.47428385e-07
  6.20820312e-07 -2.60924479e-07
  6.25319010e-07 -2.60924479e-07
  6.29817708e-07 -2.65423177e-07
  6.34316406e-07 -2.92415365e-07
  6.38815104e-07 -2.74420573e-07
  6.43313802e-07 -3.01412760e-07
  6.47812500e-07 -3.01412760e-07
  6.52311198e-07 -2.92415365e-07
  6.56809896e-07 -2.92415365e-07
  6.61308594e-07 -3.10410156e-07
  6.65807292e-07 -3.10410156e-07
  6.70305990e-07 -3.10410156e-07
  6.74804687e-07 -3.10410156e-07
  6.79303385e-07 -3.10410156e-07
  6.83802083e-07 -3.19407552e-07
  6.88300781e-07 -3.28404948e-07
  6.92799479e-07 -3.32903646e-07
  6.97298177e-07 -3.37402344e-07
  7.01796875e-07 -3.41901042e-07
  7.06295573e-07 -3.55397135e-07
  7.10794271e-07 -3.55397135e-07
  7.15292969e-07 -3.64394531e-07
  7.19791667e-07 -3.64394531e-07
  7.24290365e-07 -3.64394531e-07
  7.28789062e-07 -3.77890625e-07
  7.33287760e-07 -3.82389323e-07
  7.37786458e-07 -3.91386719e-07
  7.42285156e-07 -3.86888021e-07
  7.46783854e-07 -4.00384115e-07
  7.51282552e-07 -4.00384115e-07
  7.55781250e-07 -4.04882812e-07
  7.60279948e-07 -4.31875000e-07
  7.64778646e-07 -4.31875000e-07
  7.69277344e-07 -4.22877604e-07
  7.73776042e-07 -4.40872396e-07
  7.78274740e-07 -4.45371094e-07
  7.82773437e-07 -4.58867188e-07
  7.87272135e-07 -4.63365885e-07
  7.91770833e-07 -4.81360677e-07
  7.96269531e-07 -4.85859375e-07
  8.00768229e-07 -4.85859375e-07
  8.05266927e-07 -5.03854167e-07
  8.09765625e-07 -5.03854167e-07
  8.14264323e-07 -5.17350260e-07
  8.18763021e-07 -5.17350260e-07
  8.23261719e-07 -5.21848958e-07
  8.27760417e-07 -5.35345052e-07
  8.32259115e-07 -5.66835937e-07
  8.36757812e-07 -5.71334635e-07
  8.41256510e-07 -5.80332031e-07
  8.45755208e-07 -5.89329427e-07
  8.50253906e-07 -5.93828125e-07
  8.54752604e-07 -6.02825521e-07
  8.59251302e-07 -6.16321615e-07
  8.63750000e-07 -6.25319010e-07
  8.68248698e-07 -6.56809896e-07
  8.72747396e-07 -6.56809896e-07
  8.77246094e-07 -6.47812500e-07
  8.81744792e-07 -6.47812500e-07
  8.86243490e-07 -6.61308594e-07
  8.90742188e-07 -6.83802083e-07
  8.95240885e-07 -6.83802083e-07
  8.99739583e-07 -6.79303385e-07
  9.04238281e-07 -6.79303385e-07
  9.08736979e-07 -6.97298177e-07
  9.13235677e-07 -6.97298177e-07
  9.17734375e-07 -7.82773437e-07
  9.22233073e-07 -7.96269531e-07
  9.26731771e-07 -8.32259115e-07
  9.31230469e-07 -8.45755208e-07
  9.35729167e-07 -8.77246094e-07
  9.40227865e-07 -8.95240885e-07
  9.44726563e-07 -8.72747396e-07
  9.49225260e-07 -9.04238281e-07
  9.53723958e-07 -9.17734375e-07
  9.58222656e-07 -9.26731771e-07
  9.62721354e-07 -9.35729167e-07
  9.67220052e-07 -9.40227865e-07
  9.71718750e-07 -9.40227865e-07
  9.76217448e-07 -9.35729167e-07
  9.80716146e-07 -9.35729167e-07
  9.85214844e-07 -9.44726563e-07
  9.89713542e-07 -9.44726563e-07
  9.94212240e-07 -9.40227865e-07
  9.98710937e-07 -9.49225260e-07
  1.00320964e-06 -9.49225260e-07
  1.00770833e-06 -9.62721354e-07
  1.01220703e-06 -9.58222656e-07
  1.01670573e-06 -9.58222656e-07
  1.02120443e-06 -9.53723958e-07
  1.02570312e-06 -9.53723958e-07
  1.03020182e-06 -9.67220052e-07
  1.03470052e-06 -9.62721354e-07
  1.03919922e-06 -9.62721354e-07
  1.04369792e-06 -9.67220052e-07
  1.04819661e-06 -9.71718750e-07
  1.05269531e-06 -9.76217448e-07
  1.05719401e-06 -9.80716146e-07
  1.06169271e-06 -9.85214844e-07
  1.06619141e-06 -9.76217448e-07
  1.07069010e-06 -9.89713542e-07
  1.07518880e-06 -9.89713542e-07
  1.07968750e-06 -9.80716146e-07
  1.08418620e-06 -9.76217448e-07
  1.08868490e-06 -9.89713542e-07
  1.09318359e-06 -9.89713542e-07
  1.09768229e-06 -9.89713542e-07
  1.10218099e-06 -9.89713542e-07
  1.10667969e-06 -9.98710937e-07
  1.11117839e-06 -9.98710937e-07
  1.11567708e-06 -1.00320964e-06
  1.12017578e-06 -1.00320964e-06
  1.12467448e-06 -1.00320964e-06
  1.12917318e-06 -1.00320964e-06
  1.13367187e-06 -1.00770833e-06
  1.13817057e-06 -1.01220703e-06
  1.14266927e-06 -1.01220703e-06
  1.14716797e-06 -1.00770833e-06